Year,Type,Jordanians favorabile views on Russia(%)
2007,Unfavorable,49
2007,Favorable,48
2008,Unfavorable,53
2008,Favorable,45
2009,Unfavorable,58
2009,Favorable,42
2010,Unfavorable,58
2010,Favorable,37
2011,Unfavorable,63
2011,Favorable,31
2012,Unfavorable,70
2012,Favorable,26
2013,Unfavorable,70
2013,Favorable,25
2014,Unfavorable,75
2014,Favorable,22
2015,Unfavorable,80
2015,Favorable,18
2016,Unfavorable,86
2016,Favorable,12
2017,Unfavorable,93
2017,Favorable,5