Year,Ease of doing business score
2013,81.9
2014,78.83
2015,79.13
2016,78.11
2017,78.43
2018,78.03
2019,80.6
